# id	left	top	right	bottom	texture_id
[SPRITES]
#SWING RIGHT
200001	128	208	143	223	10
200002	144	208	159	223	10
200003	160	208	175	223	10
200004	176	208	191	223	10

#SWING LEFT
200011	128	176	143	191	10
200012	144	176	159	191	10
200013	160	176	175	191	10
200014	176	176	191	191	10

# ani_id	sprite1_id	time1	sprite2_id	time2	...
[ANIMATIONS]
# SWING RIGHT & LEFT
200010	200001	100	200002	100	200003	100	200004	100
200000	200011	100	200012	100	200013	100	200014	100

# IDLE RIGHT & LEFT
201010	200002	100
201000	200012	100
