# id	left	top	right	bottom	texture_id
[SPRITES]
#WALK RIGHT
190001	64	168	79	193	10
190002	80	168	95	193	10
190003	96	168	111	193	10
190004	112	168	127	193	10

#WALK LEFT
190011	0	168	15	193	10
190012	16	168	31	193	10
190013	32	168	47	193	10
190014	48	168	63	193	10

#DIE RIGHT
191001	64	200	79	225	10
#DIE LEFT
191011	0	200	15	225	10

# ani_id	sprite1_id	time1	sprite2_id	time2	...
[ANIMATIONS]
# WALK RIGHT & LEFT
190000	190001	100	190002	100	190003	100	190004	100
190010	190011	100	190012	100	190013	100	190014	100

# DIE RIGHT & LEFT
191000	191001	100
191010	191011	100