# id	left	top	right	bottom	texture_id
[SPRITES]
# STATIC COIN
1010001	334	100	348	116	22

# DYNAMIC COIN
1011001	294	100	301	114	22
1011002	311	100	311	114	22
1011003	321	100	324	114	22
1011004	334	100	347	114	22
1011005	357	100	362	114	22
1011006	372	100	381	114	22

#NEW STATIC COIN
1011011	230	7	243	22	24
1011012	248	7	257	22	24
1011013	262	7	267	22	24
1011014	272	7	281	22	24
1011015	286	7	301	22	24

#HIDDEN COIN
1011023	104	101	107	114	23


# ani_id	sprite1_id	time1	sprite2_id	time2	...
[ANIMATIONS]
# STATIC COIN
1010000	1011011	150	1011012	100	1011013	100	1011014	200

# DYNAMIC COIN
1011000	1011001	150	1011003	100	1011002	100	1011023	100