# id	left	top	right	bottom	texture_id
[SPRITES]

#POINT 100->8000
1130000	61	89	72	96	2
1130001	75	89	86	96	2
1130002	90	89	72	96	2
1130003	105	89	87	96	2
1130010	120	89	135	96	2
1130011	138	89	153	96	2
1130012	157	89	172	96	2
1130013	176	89	191	96	2

#1 UP
1130020	195	89	210	96	2

#SMOKE PARTICLE
1130100	0	0	15	15	21
1130101	0	16	15	31	21
1130110	16	0	31	15	21
1130111	16	16	31	31	21
1130120	32	0	47	15	21
1130121	32	16	47	31	21
1130130	48	0	63	15	21
1130131	48	16	63	31	21

#ATTACK PARTICLE
1130200	64	0	79	15	21
1130201	64	16	79	31	21

[ANIMATIONS]
#POINT 100->8000
1130000	1130000	100
1130001	1130001	100
1130002	1130002	100
1130003	1130003	100
1130010	1130010	100
1130011	1130011	100
1130012	1130012	100
1130013	1130013	100
#1-UP
1130020	1130020	100

#TANOOKI TRANSFORM SMOKE
1130100	1130120	50	1130130	50	1130100	50	1130110	50

#DEATH SMOKE PARTICLE
1130200	1130110	50	1130111	50	1130100	50	1130101	50	1130120	50	1130121	50	1130130	50	1130131	50

#ATTACK PARTICLE
1130300	1130200	100	1130201	100