# id	left	top	right	bottom	texture_id
[SPRITES]

#USED

#WHITE LINE
170000	96	96	97	111	21

#MUSHROOM 0 -> NORMAL, 1 -> SQUISHED
170100	80	48	95	63	21
170101	48	96	57	111	21

#FLOWER
170200	16	96	31	111	21
170201	64	96	73	111	21

#STAR
170300	32	96	47	111	21
170301	80	96	89	111	21

#ROULETTE

#MUSHROOM
170110	32	48	47	63	21
#FLOWER
170210	16	64	31	79	21
#STAR
170310	32	64	47	79	21

# ani_id	sprite1_id	time1	sprite2_id	time2	...
[ANIMATIONS]
170110	170110	100
170100	170100	200	170101	200	170000	200	170101	200
170210	170210	100
170200	170200	200	170201	200	170000	200	170201	200
170310	170310	100
170300	170300	200	170301	200	170000	200	170301	200