#higher will render first
#next obj will overlap previous obj

# list of object assets to load in this scene
[ASSETS]
assets\hud.txt
assets\mario.txt
assets\brick.txt
assets\coin.txt
assets\cloud.txt
assets\box.txt
assets\platform.txt
assets\fallingplatform.txt
assets\tree.txt
assets\pipe.txt
assets\bush.txt
assets\koopa.txt
assets\questionblock.txt
assets\mushroom.txt
assets\superleaf.txt
assets\particle.txt
assets\wing.txt
assets\wingedkoopa.txt
assets\boomerang.txt
assets\boomerangturtle.txt

[SCENE_SETTINGS]
start_cam_x	0
start_cam_y	0
map_width	2576
map_height	208
cam_mode	1
scroll_cam_x_start	0
scroll_cam_x_end	2048

[MARIO]
999	20	384

[CHUNK	1	0	480]

# Platform
1	5	0	128	10	5	2

# Bush
2	104	64	112	5

# First brick platform
3	108	224	128
4	108	240	128
5	108	256	128
6	108	272	128

# Second brick platform
7	108	384	112
8	108	400	112
9	108	416	112
10	108	432	112
11	108	448	112

#Cloud
0	105	16	64	2	1
0	105	96	80	1	1
0	105	160	32	2	1
0	105	224	176	2	1
0	105	272	64	1	1
0	105	384	160	1	1
0	105	416	80	2	1

[CHUNK	2	480	848]
[CHUNK	3	848	1120]
[CHUNK	4	1120	1440]
[CHUNK	5	1440	1760]
[CHUNK	6	1760	2048]
# Brick
# 4 brick
0	108	608	64
0	108	624	64
0	108	640	64
0	108	656	64

# 2 brick
0	108	640	144
0	108	656	144

# L shaped #1
0	108	752	96
0	108	752	112
0	108	752	128
0	108	752	144
0	108	768	144
0	108	784	144
0	108	800	144

# L shaped #2
0	108	864	112
0	108	864	128
0	108	864	144
0	108	864	160
0	108	880	160
0	108	896	160

# Mini L shaped
0	108	944	112
0	108	944	128
0	108	960	128

# 4 brick
0	108	960	176
0	108	976	176
0	108	992	176
0	108	1008	176

# 5 brick
0	108	1008	128
0	108	1024	128
0	108	1040	128
0	108	1056	128
0	108	1072	128

# 5 brick
0	108	1152	160
0	108	1168	160
0	108	1184	160
0	108	1200	160
0	108	1216	160

# L shape
0	108	1184	80
0	108	1200	80
0	108	1216	80
0	108	1232	80
0	108	1232	64

# 2 brick
0	108	1264	144
0	108	1280	144

# 3 brick
0	108	1392	80
0	108	1408	80
0	108	1424	80

# 2 brick
0	108	1536	64
0	108	1536	80

# L shape
0	108	1536	144
0	108	1536	160
0	108	1536	176
0	108	1552	176
0	108	1568	176
0	108	1584	176

# 3 brick vertical
0	108	1728	64
0	108	1728	80
0	108	1728	96

# 3 brick
0	108	1776	144
0	108	1792	144
0	108	1808	144


#Cloud
0	105	496	144	1	1
0	105	544	48	2	1
0	105	672	112	1	1
0	105	704	48	2	1
0	105	800	96	1	1
0	105	800	176	2	1

0	105	896	80	2	1
0	105	928	160	1	1
0	105	1056	48	2	1
0	105	1152	112	2	1
0	105	1168	176	1	1
0	105	1264	32	1	1

0	105	1328	160	2	1
0	105	1376	96	1	1
0	105	1440	160	1	1
0	105	1456	64	2	1
0	105	1568	64	2	1
0	105	1632	128	2	1

0	105	1664	80	1	1
0	105	1728	176	1	1
0	105	1776	48	1	1
0	105	1856	128	2	1
0	105	1920	48	2	1
0	105	2000	80	1	1

# Pipe
37	103	1936	112	16	16	4	1090110	1090120	1090210	1090220
37	103	2192	160	16	16	2	1090110	1090120	1090210	1090220

#Box
4	101	1968	144	3	2	4

#Platform
1	5	1920	176	8	2	1
1	5	2064	192	32	1	0

# Bush
1	104	2080	176	2

# Tree
8	102	2112	176	16	16	1	1080110	1080120	1080200	1080200
8	102	2128	144	16	16	3	1080110	1080120	1080210	1080200
8	102	2144	160	16	16	2	1080110	1080120	1080200	1080210

#Ending tree
11	102	2352	96	16	16	6	1081110	1081120	1081210	1081220
12	102	2368	128	16	16	4	1081110	1081120	1060002	1081220
13	102	2384	160	16	16	2	1081110	1081120	1060002	1081220
14	102	2336	176	16	16	1	1081110	1081120	1064300	1064300
15	102	2528	144	16	16	3	1081110	1081120	1081210	1081220
16	102	2512	176	16	16	1	1081110	1081120	1064300	1064300

#Cloud
0	105	2112	64	3	0

#Ending box
8	101	2256	0	20	12	6

#Card box
8	101	2432	96	3	3	5

#Portal
280	50	1952	112	30	2	2208	160	0	1	0

#End brick
2	1	2032	16	16	16	1
2	1	2032	32	16	16	1
2	1	2032	48	16	16	1
2	1	2032	64	16	16	1
2	1	2032	80	16	16	1
2	1	2032	96	16	16	1
2	1	2032	112	16	16	1
2	1	2032	128	16	16	1
2	1	2032	144	16	16	1
2	1	2032	160	16	16	1

# Border
0	99	0	104	16	208
0	99	2048	104	16	208
0	99	2576	104	16	208
