#higher will render first
#next obj will overlap previous obj

#completed list
#bush
#cloud
#trinket
#platform
#box
#brick
#bush

# list of object assets to load in this scene
[ASSETS]
assets\mario.txt
assets\brick.txt
assets\coin.txt
assets\goomba.txt
assets\cloud.txt
assets\box.txt
assets\platform.txt
assets\tree.txt
assets\pipe.txt
assets\bush.txt
assets\trinket.txt
#
[OBJECTS]
# type	x	y	extra_settings per object type
# type: 0 = Mario , 1 = Brick, 2 = Goomba, 3 = Koopas
# See OBJECT_TYPE constants in AssetIDs.h

# MARIO
0	20	384

#Platform x, y, c_width, c_height, width, height, top_left, top_center, top_right,
5	0	416	16	16	39	1	1070110	1070120	1070130	1070210	1070220	1070230
5	624	400	16	16	29	2	1070110	1070120	1070130	1070210	1070220	1070230
5	1152	416	16	16	22	1	1070110	1070120	1070130	1070210	1070220	1070230
5	1536	416	16	16	5	1	1070110	1070120	1070130	1070210	1070220	1070230
5	1664	416	16	16	36	1	1070110	1070120	1070130	1070210	1070220	1070230
5	2256	416	16	16	35	1	1070110	1070120	1070130	1070210	1070220	1070230

#Sky platform
5	1408	192	16	16	4	1	1071000	1071000	1071000	1071000	1071000	1071000
5	1488	176	16	16	13	1	1071000	1071000	1071000	1071000	1071000	1071000


#Brick x, y, c_width, c_height, sprite_id
#Sky brick
1	1440	128	16	16	1000001

#Double brick
1	1504	336	16	16	1000002
1	1520	336	16	16	1000002

#Left stairs
1	1568	400	16	16	1000002
1	1584	400	16	16	1000002
1	1584	384	16	16	1000002
1	1600	400	16	16	1000002
1	1600	384	16	16	1000002
1	1600	368	16	16	1000002

#Right stairs
1	1664	400	16	16	1000002
1	1664	384	16	16	1000002
1	1664	368	16	16	1000002
1	1680	400	16	16	1000002
1	1680	384	16	16	1000002
1	1696	400	16	16	1000002

#Big pile
1	1952	400	16	16	1000001
1	1968	400	16	16	1000001
1	1968	384	16	16	1000001
1	1984	400	16	16	1000001
1	1984	384	16	16	1000001
1	1984	368	16	16	1000001
1	2000	400	16	16	1000001
1	2000	384	16	16	1000001
1	2000	368	16	16	1000001
1	2016	400	16	16	1000001
1	2016	384	16	16	1000001
1	2016	368	16	16	1000001
1	2032	400	16	16	1000001
1	2032	384	16	16	1000001
1	2032	368	16	16	1000001
1	2048	400	16	16	1000001

#Small pile
1	2096	400	16	16	1000001
1	2096	384	16	16	1000001
1	2112	400	16	16	1000001

#Top pipe
1	2256	304	16	16	1000002
1	2272	304	16	16	1000002

#Box x, y, c_width, c_height, width, height, top_left, top_center, top_right, ...

#First Cluster
101	272	336	16	16	3	5	1062110	1062120	1062130	1062210	1062220	1062230	1062310	1062320	1062330	1060130	1060230
101	240	368	16	16	3	3	1061110	1061120	1061130	1061210	1061220	1061230	1061310	1061320	1061330	1060130	1060230

#Second Cluster
101	512	304	16	16	4	7	1064110	1064120	1064130	1064210	1064220	1064230	1064300	1064300	1064300	1060130	1060230
101	464	336	16	16	4	5	1061110	1061120	1061130	1061210	1061220	1061230	1061310	1061320	1061330	1060130	1060230
101	400	368	16	16	5	3	1063110	1063120	1063130	1063210	1063220	1063230	1063310	1063320	1063330	1060130	1060230
101	512	384	16	16	6	2	1063110	1063120	1063130	1063210	1063220	1063230	1063310	1063320	1063330	1060130	1060230

#Third Cluster
101	1328	320	16	16	7	6	1062110	1062120	1062130	1062210	1062220	1062230	1062310	1062320	1062330	1060130	1060230
101	1296	352	16	16	7	4	1061110	1061120	1061130	1061210	1061220	1061230	1061310	1061320	1061330	1060130	1060230
101	1264	384	16	16	7	2	1063110	1063120	1063130	1063210	1063220	1063230	1063310	1063320	1063330	1060130	1060230

#Fourth Cluster
101	2176	272	16	16	3	9	1063110	1063120	1063130	1063210	1063220	1063230	1063310	1063320	1063330	1060130	1060230
101	2144	368	16	16	3	3	1061110	1061120	1061130	1061210	1061220	1061230	1061310	1061320	1061330	1060130	1060230
#Sky box
101	1312	144	16	16	4	2	1061110	1061120	1061130	1061210	1061220	1061230	1061310	1061320	1063130	1060130	1060230
106	1312	176	16	16	1060310
106	1328	176	16	16	1060320
106	1344	176	16	16	1060320
106	1360	176	16	16	1060320
106	1376	176	16	16	1060330

#Ending background
101	2480	0	16	16	21	26	1060001	1060002	1060002	1060001	1060002	1060002	1060001	1060002	1060002	1064300	1064300

#Dark box
101	2672	320	16	16	3	3	1065110	1065120	1065130	1065210	1065220	1065230	1065310	1065320	1065330	1064300	1064300

#Tree x, y, c_width, c_height, height, top_left, top_right, ...

#First Cluster
102	32	352	16	16	4	1080110	1080120	1080210	1080220
102	32	384	16	16	2	1080200	1080200	1080200	1080200
102	64	368	16	16	3	1080110	1080120	1080200	1080220
102	96	368	16	16	3	1080110	1080120	1080210	1080220
102	16	368	16	16	3	1080110	1080120	1080210	1080220
102	32	384	16	16	2	1080110	1080120	1080210	1080220
102	112	384	16	16	2	1080110	1080120	1080200	1080220
102	80	400	16	16	1	1080110	1080120	1080200	1080200

#Second Cluster
102	880	336	16	16	4	1080110	1080120	1080200	1080220
102	880	368	16	16	2	1080200	1080200	1080200	1080200
102	832	352	16	16	3	1080110	1080120	1080210	1080200
102	864	352	16	16	3	1080110	1080120	1080200	1080200
102	912	352	16	16	3	1080110	1080120	1080200	1080220
102	848	368	16	16	2	1080110	1080120	1080200	1080200
102	880	368	16	16	2	1080110	1080120	1080200	1080200
102	816	384	16	16	1	1080110	1080120	1080200	1080200

#Third Cluster
102	960	352	16	16	3	1080110	1080120	1080210	1080200
102	976	368	16	16	2	1080110	1080120	1080200	1080220
102	944	384	16	16	1	1080110	1080120	1080200	1080200

#Fourth Cluster
102	1904	368	16	16	3	1080110	1080120	1080210	1080200
102	1920	384	16	16	2	1080110	1080120	1080200	1080220
102	1888	400	16	16	1	1080110	1080120	1080200	1080200

#Fifth Cluster
102	2400	288	16	16	8	1080110	1080120	1080210	1080200
102	2416	304	16	16	7	1080110	1080120	1080200	1080220
102	2384	336	16	16	5	1080110	1080120	1080200	1080200
102	2368	352	16	16	4	1080110	1080120	1080210	1080200
102	2432	384	16	16	2	1080110	1080120	1080200	1080220

#Dark Cluster #1 1060002 dark
102	2592	320	16	16	6	1081110	1081120	1081210	1081220
102	2608	352	16	16	4	1081110	1081120	1060002	1081220
102	2624	384	16	16	2	1081110	1081120	1060002	1081220
102	2576	400	16	16	1	1081110	1081120	1064300	1064300

#Dark Cluster #1 1060002 dark
102	2768	368	16	16	3	1081110	1081120	1081210	1081220
102	2752	400	16	16	1	1081110	1081120	1064300	1064300

#Pipe x, y, c_width, c_height, height, top_left, top_right, ...
#Map border
103	-32	0	16	16	27	1064300	1064300	1064300	1064300
103	2816	0	16	16	27	1064300	1064300	1064300	1064300

103	352	368	16	16	3	1090110	1090120	1090210	1090220
103	1792	384	16	16	2	1090110	1090120	1090210	1090220
103	1856	368	16	16	3	1090110	1090120	1090210	1090220
103	2256	112	16	16	12	1090110	1090120	1090210	1090220
103	2256	368	16	16	3	1000002	1000002	1090210	1090220
103	2320	384	16	16	2	1090110	1090120	1090210	1090220

#Bush x, y, c_width, c_height, width, sprite_id
104	160	400	16	16	3	1100000
104	672	384	16	16	6	1100000
104	1040	384	16	16	2	1100000
104	1184	400	16	16	3	1100000
104	1728	400	16	16	3	1100000

#Cloud x, y, c_width, c_height, width, top_left, top_center, top_right, ...
105	112	272	16	16	4	1020110	1020120	1020130	1020210	1020220	1020230
105	320	256	16	16	3	1020110	1020120	1020130	1020210	1020220	1020230
105	640	272	16	16	3	1020110	1020120	1020130	1020210	1020220	1020230
105	720	304	16	16	5	1020110	1020120	1020130	1020210	1020220	1020230
105	1168	272	16	16	3	1020110	1020120	1020130	1020210	1020220	1020230
105	1648	272	16	16	5	1020110	1020120	1020130	1020210	1020220	1020230
105	2320	288	16	16	3	1020110	1020120	1020130	1020210	1020220	1020230

#Trinket x, y, c_width, c_height, sprite_id
#Flower
106	112	32	16	16	1110001
106	336	32	16	16	1110001
106	304	64	16	16	1110001
106	368	32	16	16	1110001
106	592	48	16	16	1110001
106	752	16	16	16	1110001
106	752	48	16	16	1110001
106	1104	112	16	16	1110001
106	1360	32	16	16	1110001
106	1392	144	16	16	1110001
106	1456	96	16	16	1110001
106	1488	80	16	16	1110001
106	1616	32	16	16	1110001
106	1680	64	16	16	1110001
106	2224	80	16	16	1110001
106	2384	0	16	16	1110001
106	2416	144	16	16	1110001
106	2448	0	16	16	1110001

#Star
106	224	64	16	16	1110002
106	288	80	16	16	1110002
106	608	48	16	16	1110002
106	672	16	16	16	1110002
106	800	16	16	16	1110002
106	1184	128	16	16	1110002
106	1504	64	16	16	1110002
106	1504	96	16	16	1110002
106	1952	16	16	16	1110002

#Mushroom
106	256	32	16	16	1110003
106	256	64	16	16	1110003
106	832	32	16	16	1110003
106	960	64	16	16	1110003
106	1216	128	16	16	1110003
106	1728	64	16	16	1110003
106	1856	80	16	16	1110003
106	1920	16	16	16	1110003
106	1920	144	16	16	1110003
106	2112	112	16	16	1110003

#Portal 
50	300	400	316	140	2


