#higher will render first
#next obj will overlap previous obj

# list of object assets to load in this scene
[ASSETS]
assets\hud.txt
assets\mario.txt
assets\brick.txt
assets\coin.txt
assets\cloud.txt
assets\box.txt
assets\platform.txt
assets\fallingplatform.txt
assets\tree.txt
assets\pipe.txt
assets\bush.txt
assets\koopa.txt
assets\questionblock.txt
assets\mushroom.txt
assets\superleaf.txt
assets\particle.txt
assets\wing.txt
assets\wingedkoopa.txt
assets\boomerang.txt
assets\boomerangturtle.txt
assets\buff.txt

[SCENE_SETTINGS]
start_cam_x	0
start_cam_y	12
map_width	2576
map_height	208
cam_mode	1
scroll_cam_x_start	0
scroll_cam_x_end	2044


[MARIO]
999	42	108

[BORDER]
9999	0	104	16	400
9999	257	104	16	400

99	2044	104	40	208


[CHUNK	1	0	480]

# Platform
2	5	0	128	10	5	2

# Bush
3	104	64	112	5

# First brick platform
4	108	224	128
5	108	240	128
6	108	256	128
7	108	272	128

# Second brick platform
8	108	384	112
9	108	400	112
10	108	416	112
11	108	432	112
12	108	448	112

#Cloud
13	105	16	64	2	1
14	105	96	80	1	1
15	105	160	32	2	1
16	105	224	176	2	1
17	105	272	64	1	1
18	105	384	160	1	1
19	105	416	80	2	1

#Falling platform
0	20	368	96	3

# Coin
26	4	336	80	0
26	4	352	80	0
26	4	368	80	0

26	4	416	48	0
26	4	432	48	0
26	4	448	48	0

[CHUNK	2	480	848]

# Brick
# 4 brick
1	108	608	64
2	108	624	64
4	108	656	64

# 2 brick
5	108	640	144
6	108	656	144

# L shaped #1
7	108	752	96
8	108	752	112
9	108	752	128
10	108	752	144
11	108	768	144
12	108	784	144
13	108	800	144

#Cloud
14	105	496	144	1	1
15	105	544	48	2	1
16	105	672	112	1	1
17	105	704	48	2	1
18	105	800	96	1	1
19	105	800	176	2	1

#Falling platform
0	20	592	80	3
0	20	560	128	3
0	20	624	176	3
0	20	752	112	3

# Coin
26	4	768	80	0
26	4	784	80	0
26	4	800	80	0

# Life brick
0	14	640	64

[CHUNK	3	848	1120]

# L shaped #2
1	108	864	112
2	108	864	128
3	108	864	144
4	108	864	160
5	108	880	160
6	108	896	160

# Mini L shaped
7	108	944	112
8	108	944	128

# 4 brick
10	108	960	176
11	108	976	176
12	108	992	176
13	108	1008	176

# 5 brick
15	108	1024	128
16	108	1040	128
17	108	1056	128
18	108	1072	128

#Cloud
19	105	896	80	2	1
20	105	928	160	1	1
21	105	1056	48	2	1

#Falling platform
0	20	1088	160	3

# Coin
26	4	848	48	0
26	4	864	48	0
26	4	880	48	0

# Buff QBlock
0	11	960	128

#Hidden coin brick
0	19	1008	128

#Koopa
0	12	1072	96

[CHUNK	4	1120	1440]

# 5 brick
1	108	1152	160
2	108	1168	160
3	108	1184	160
4	108	1200	160
5	108	1216	160

# L shape
6	108	1184	80
7	108	1200	80
8	108	1216	80
9	108	1232	80

# 2 brick
11	108	1264	144
12	108	1280	144

# 3 brick
13	108	1392	80
14	108	1408	80
15	108	1424	80

#Cloud
16	105	1152	112	2	1
17	105	1168	176	1	1
18	105	1264	32	1	1
19	105	1328	160	2	1
20	105	1376	96	1	1

#Falling platform
0	20	1200	96	3
0	20	1376	128	3
0	20	1408	112	3

# Life brick
10	14	1232	64

[CHUNK	5	1440	1760]

# 2 brick
2	108	1536	80

# L shape
3	108	1536	144
4	108	1536	160
5	108	1536	176
6	108	1552	176
7	108	1568	176
8	108	1584	176

# 3 brick vertical
9	108	1728	64
10	108	1728	80
11	108	1728	96

#Cloud
12	105	1440	160	1	1
13	105	1456	64	2	1
14	105	1568	64	2	1
15	105	1632	128	2	1
16	105	1664	80	1	1
17	105	1728	176	1	1

#Falling platform
0	20	1552	80	3
0	20	1744	160	3

# Coin
26	4	1504	48	0
26	4	1504	64	0
26	4	1504	80	0
26	4	1504	96	0
26	4	1504	112	0
26	4	1504	128	0
26	4	1504	144	0
26	4	1504	160	0

#Hidden coin brick
1	19	1536	64

[CHUNK	6	1760	2048]

# 3 brick
1	108	1776	144
2	108	1792	144
3	108	1808	144

# Pipe
4	103	1936	112	16	16	4	1090110	1090120	1090210	1090220

#Platform
5	5	1920	176	8	2	1

# Portal
6	50	1952	112	30	2	2208	160	0	1	0

#End brick
7	1	2032	16	16	16	1
8	1	2032	32	16	16	1
9	1	2032	48	16	16	1
10	1	2032	64	16	16	1
11	1	2032	80	16	16	1
12	1	2032	96	16	16	1
13	1	2032	112	16	16	1
14	1	2032	128	16	16	1
15	1	2032	144	16	16	1
16	1	2032	160	16	16	1

#Cloud
17	105	1776	48	1	1
18	105	1856	128	2	1
19	105	1920	48	2	1
20	105	2000	80	1	1

#Box
21	101	1968	144	3	2	4

#Falling platform
0	20	1776	112	3
0	20	1792	192	3

# Coin
26	4	1892	80	0
26	4	1908	80	0
26	4	1924	80	0

#Flying koopa
0	18	1872	80

#Koopa
0	12	1984	112

[CHUNK	7	2048	2576]

#Platform
1	5	2064	192	32	1	0

# Bush
2	104	2080	176	2

# Tree
3	102	2112	176	16	16	1	1080110	1080120	1080200	1080200
4	102	2128	144	16	16	3	1080110	1080120	1080210	1080200
5	102	2144	160	16	16	2	1080110	1080120	1080200	1080220

#Cloud
6	105	2112	64	3	0

# Pipe
7	103	2192	160	16	16	2	1090110	1090120	1090210	1090220

#Ending box
8	101	2256	0	20	12	6

#Ending tree
9	102	2352	96	16	16	6	1081110	1081120	1081210	1081220
10	102	2368	128	16	16	4	1081110	1081120	1060002	1081220
11	102	2384	160	16	16	2	1081110	1081120	1060002	1081220
12	102	2336	176	16	16	1	1081110	1081120	1064300	1064300

13	102	2528	144	16	16	3	1081110	1081120	1081210	1081220
14	102	2512	176	16	16	1	1081110	1081120	1064300	1064300

#Card box
15	101	2432	96	3	3	5

#Boomerang turtle
0	17	2260	174

#Buff roulette
277	111	2448	112	1