# id	left	top	right	bottom	texture_id
[SPRITES]
#####  BIG ###############
#IDLE
1	246	154	259	181	0
11	186	154	199	181	0

#WALKING RIGHT
101	275	154	290	181	0
102	304	154	321	181	0

#WALKING LEFT
111	155	154	170	181	0
112	125	154	140	181	0

#RUNNING RIGHT
201	334	154	355	181	0
202	334	154	355	181	0
203	392	154	413	181	0

#RUNNING LEFT
211	91	154	112	181	0
212	65	154	86	181	0
213	34	154	55	181	0

#JUMP WALK RIGHT & LEFT
301	395	275	412	302	0
311	35	275	52	302	0

#JUMP RUN RIGHT & LEFT
401	394	195	413	222	0
411	35	195	52	222	0

#SIT RIGHT & LEFT 
501	426	239	441	256	0
511	5	239	20	256	0

#BRACE RIGHT & LEFT 
601	425	154	442	181	0
611	5	154	22	181	0

#DIE
4001	215	120	234	137	0

############ SMALL ################
 #IDLE
2001	247	0	260	15	0
2011	187	0	200	15	0

#WALK RIGHT
2101	275	0	292	15	0
2102	306	0	321	15	0

#WALK LEFT
2111	155	0	170	15	0
2112	125	0	140	15	0

#RUN RIGHT
2201	275	0	290	15	0
2202	306	0	321	15	0
2203	335	0	350	15	0

#RUN LEFT
2211	155	0	170	15	0
2212	125	0	140	15	0
2213	95	0	110	15	0

#BRACE RIGHT & LEFT
2301	6	0	19	15	0
2311	426	0	439	15	0

#JUMP WALK RIGHT & LEFT 
2401	35	80	50	95	0
2411	395	80	410	95	0

#JUMP RUN RIGHT & LEFT 
2501	65	40	80	55	0
2511	365	40	380	55	0

# ani_id	sprite1_id	time1	sprite2_id	time2	...
[ANIMATIONS]
#IDLE
0	1	100
10	11	100

#WALKING RIGHT & LEFT 
100	1	100	101	100	102	100
110	11	100	111	100	112	100

#RUNNING RIGHT & LEFT
200	201	50	202	50	203	50
210	211	50	212	50	213	50

#JUMP WALK
300	301	100
310	311	100

#JUMP RUN
400	401	100
410	411	100

#SIT RIGHT & LEFT 
500	501	100
510	511	100

#BRACE RIGHT & LEFT 
600	601	100
610	611	100

#DIE
4000	4001	100

################### SMALL #################
#IDLE
2000	2001	100
2010	2011	100

#WALK RIGHT & LEFT
2100	2001	100	2101	100	2102	100
2110	2011	100	2111	100	2112	100

#RUN RIGHT & LEFT
2200	2201	100	2202	100	2203	100
2210	2211	100	2212	100	2213	100

#BRACE RIGHT & LEFT
2300	2301	100
2310	2311	100

#JUMP WALK
2400	2401	100
2410	2411	100

#JUMP RUN 
2500	2501	100
2510	2511	100